[penguin - Copy.jpg]
filters=finetune2=1,0.000000,0.000000,0.000000,00000000,1.000000;
moddate=22630afb238fcf01
width=1280
height=1024
text=10;130;5;RULES;AR DESTINE;0.176495,0.334706,0.040996,0.000000;v1,4294967295,4292057109,128.000000,1.000000,0.500000,1.000000,700,2,49153;;153;27;1. There are 10 questions  ;AR DESTINE;0.080845,0.426588,0.027778,0.000000;v1,4294967295,4292057109,128.000000,1.000000,0.500000,1.000000,400,2,49152;;140;14;NetHunt&#010;      ;AR DESTINE;0.384411,0.026529,0.069793,0.000000;v1,4294967295,4292057109,128.000000,1.000000,0.500000,1.000000,400,2,49152;;152;26;Unlock The Treasure.......;AR DESTINE;0.503694,0.109521,0.027778,0.000000;v1,4294967295,4292057109,128.000000,1.000000,0.500000,1.000000,400,2,49152;;141;15;to be answered.;AR DESTINE;0.109570,0.459779,0.027778,0.000000;v1,4294967295,4292057109,128.000000,1.000000,0.500000,1.000000,400,2,49152;;172;46;2. You have to start from&#010;   the 1st question.;AR DESTINE;0.070434,0.512697,0.027778,0.000000;v1,4294967295,4292057109,128.000000,1.000000,0.500000,1.000000,400,2,49152;;204;78;3. If your answer is correct,&#010;   then you will move to the &#010;   next question. ;AR DESTINE;0.069055,0.587455,0.027778,0.000000;v1,4294967295,4292057109,128.000000,1.000000,0.500000,1.000000,400,2,49152;;227;100;4. If you be successful in &#010;   giving all the right answers,&#010;   then you will get  &#010;   the TREASURE.;AR DESTINE;0.067125,0.691821,0.027778,0.000000;v1,4294967295,4292057109,128.000000,1.000000,0.500000,1.000000,400,2,49152;;137;11;tECHNOSHINE;AR DESTINE;0.002423,0.168932,0.065791,5.772573;v1,4294967295,4292057109,128.000000,1.000000,0.500000,1.000000,400,2,49152;;128;3;X.4;AR DESTINE;0.123911,0.153699,0.067463,5.797691;v1,4294967295,4292057109,128.000000,1.000000,0.500000,1.000000,400,2,49152;;
textactive=1
[penguin_background - Copy.jpg]
moddate=afc9d038e78fcf01
width=1280
height=1024
text=7;130;5;Press;AR DESTINE;0.477067,0.448144,0.033333,6.283185;v1,4294967295,4292057109,128.000000,1.000000,0.500000,1.000000,400,2,49152;;129;4;The ;AR DESTINE;0.486975,0.483195,0.033333,6.283185;v1,4294967295,4292057109,128.000000,1.000000,0.500000,1.000000,400,2,49152;;128;3;Key;AR DESTINE;0.491241,0.516247,0.033333,0.000000;v1,4294967295,4292057109,128.000000,1.000000,0.500000,1.000000,400,2,49152;;127;2;To;AR DESTINE;0.494645,0.551758,0.033333,0.000000;v1,4294967295,4292057109,128.000000,1.000000,0.500000,1.000000,400,2,49152;;130;5;Start;AR DESTINE;0.480102,0.583362,0.033333,0.000000;v1,4294967295,4292057109,128.000000,1.000000,0.500000,1.000000,400,2,49152;;128;3;The;AR DESTINE;0.487904,0.616577,0.033333,0.000000;v1,4294967295,4292057109,128.000000,1.000000,0.500000,1.000000,400,2,49152;;129;4;HUNT;AR DESTINE;0.481885,0.648572,0.033333,0.000000;v1,4294967295,4292057109,128.000000,1.000000,0.500000,1.000000,400,2,49152;;
textactive=1
